slope,subsample_len,mtld_thresholds,id_draw,sample_entropy,subsample_entropy_rdm,subsample_entropy_mav,exp_variety,mtld
-1.66,50,0.84,0,8.086767309471025,5.340758439731455,5.320318774113041,42.34160333952491,47.2320964360587
-1.66,100,0.78,0,8.086767309471025,6.11595118374364,6.051421958657322,74.61474729095046,77.01704107597237
-1.66,500,0.72,0,8.086767309471025,7.2909707596592686,7.259374889456372,230.10521135604452,113.75124701561066
-1.66,1000,0.66,0,8.086767309471025,7.591920512721453,7.596418745320593,351.8496526441118,162.4834982078853
-1.66,2000,0.6,0,8.086767309471025,7.854021392574937,7.846428200921826,524.8174568059641,221.09347826086955
-1.66,50,0.84,1,8.112367112870938,5.282268214735781,5.3083004270716625,42.35085442403437,46.61682242990654
-1.66,100,0.78,1,8.112367112870938,6.07215091468386,6.0435989270040045,74.6653653837809,75.60606060606061
-1.66,500,0.72,1,8.112367112870938,7.272168280701981,7.29139749687028,231.17417480938252,109.29653985507245
-1.66,1000,0.66,1,8.112367112870938,7.616255558195233,7.628912561340395,356.5432538802529,156.987475
-1.66,2000,0.6,1,8.112367112870938,7.871315851247871,7.874961019799761,538.6962109434181,219.32338425381903
-1.66,50,0.84,2,8.156953159334961,5.300758439731455,5.322996531739058,42.671255032586714,49.23960784313725
-1.66,100,0.78,2,8.156953159334961,6.121303236866886,6.067849834161452,75.42814960332257,80.19431368421053
-1.66,500,0.72,2,8.156953159334961,7.313132514259271,7.3148813500588945,233.46097244582006,119.2471617647059
-1.66,1000,0.66,2,8.156953159334961,7.628037122704773,7.647088896366868,359.6404765134508,168.75245901639343
-1.66,2000,0.6,2,8.156953159334961,7.898850605313088,7.899468179430837,543.2313797292962,238.74120505344996
-1.66,50,0.84,3,8.137124698304774,5.339777989740108,5.314063629179009,42.460699054227206,49.12315270935961
-1.66,100,0.78,3,8.137124698304774,5.956718799405595,6.050532897765753,74.9748869924362,78.41381009615385
-1.66,500,0.72,3,8.137124698304774,7.300725055771386,7.293661419737853,232.943040135361,115.95836958443854
-1.66,1000,0.66,3,8.137124698304774,7.660524036822835,7.641353817243894,358.9703667097384,167.8166892109501
-1.66,2000,0.6,3,8.137124698304774,7.900183072968355,7.904229637859842,542.2690772446178,231.38083003952568
-1.66,50,0.84,4,8.086558016453615,5.332758439731455,5.31595975625401,42.36046443467765,48.32267942583732
-1.66,100,0.78,4,8.086558016453615,6.032551093327382,6.051412417041415,74.53851558098474,76.76153846153846
-1.66,500,0.72,4,8.086558016453615,7.299682916080305,7.264208777430698,228.87545893748964,113.52895547232626
-1.66,1000,0.66,4,8.086558016453615,7.578991252564164,7.593521093659012,351.3841852583048,159.6792765522001
-1.66,2000,0.6,4,8.086558016453615,7.854021862270811,7.8423056578675405,528.0137277725363,220.77800074321812
-1.66,50,0.84,5,8.146855260509303,5.326268214735782,5.315660118086096,42.50812009129049,47.412599580712794
-1.66,100,0.78,5,8.146855260509303,5.9911320814382885,6.050471651059182,75.02146181037635,77.20538871794871
-1.66,500,0.72,5,8.146855260509303,7.290624644244202,7.287654882446823,232.80530810167465,111.4968
-1.66,1000,0.66,5,8.146855260509303,7.655824176157628,7.635521939425574,360.2696207317532,167.23444715447155
-1.66,2000,0.6,5,8.146855260509303,7.922918171998643,7.8929015468828085,547.8582497703177,227.73242302543508
-1.66,50,0.84,6,8.165873669425434,5.363378527859668,5.313881774976445,42.5426863772465,48.48543689320388
-1.66,100,0.78,6,8.165873669425434,6.046625127248528,6.058547308880791,75.23856668361682,76.82307692307693
-1.66,500,0.72,6,8.165873669425434,7.2904401142200514,7.31207429705869,234.91140325917797,116.3855098389982
-1.66,1000,0.66,6,8.165873669425434,7.65493778052962,7.663578603281596,363.429448457575,166.69566666666665
-1.66,2000,0.6,6,8.165873669425434,7.917768409308441,7.929753022651035,551.559286613457,228.08568991983628
-1.66,50,0.84,7,8.158853402882198,5.308758439731455,5.3177469309426195,42.59147369958691,49.366952850105555
-1.66,100,0.78,7,8.158853402882198,6.138441408739313,6.057985785821073,75.26846364319158,80.33319200000001
-1.66,500,0.72,7,8.158853402882198,7.294671656286487,7.302137068837521,234.15751906385364,113.57708988764045
-1.66,1000,0.66,7,8.158853402882198,7.632066604262579,7.651554937817011,361.51716997050175,164.34826751946608
-1.66,2000,0.6,7,8.158853402882198,7.95065056899341,7.906797136397369,546.6894531607828,228.30055291723204
-1.66,50,0.84,8,8.104001160669643,5.271500058765274,5.310223386249452,42.30688734120298,48.85948220064724
-1.66,100,0.78,8,8.104001160669643,6.059919158881632,6.053844147912715,74.47575317623226,77.23148717948719
-1.66,500,0.72,8,8.104001160669643,7.2836792146455265,7.273670722588117,230.70467046767138,115.25367290211105
-1.66,1000,0.66,8,8.104001160669643,7.614129426835606,7.602743254742644,356.22499309899325,162.93789247311827
-1.66,2000,0.6,8,8.104001160669643,7.888822116962961,7.827524893757161,537.5707434735415,228.51842778433686
-1.66,50,0.84,9,8.10541042325206,5.2872486647271275,5.307835704935821,42.41714577386236,45.39221719457013
-1.66,100,0.78,9,8.10541042325206,6.082467240288276,6.050926035492958,74.65025839461443,72.55965351357935
-1.66,500,0.72,9,8.10541042325206,7.280090788355848,7.2803049739889,229.39936144809087,109.99494505494506
-1.66,1000,0.66,9,8.10541042325206,7.58759549479594,7.6239819573580885,353.9335389406255,158.03509134615385
-1.66,2000,0.6,9,8.10541042325206,7.85748660132017,7.876373980463717,536.345713194604,223.62222222222223
-1.66,50,0.84,10,8.083822064513576,5.3577388897228015,5.314163833042746,42.35469347686228,47.76765550239234
-1.66,100,0.78,10,8.083822064513576,6.0182514969170535,6.046212272614667,74.47860994309694,76.48812030075187
-1.66,500,0.72,10,8.083822064513576,7.242176461042341,7.271844411119839,228.21970226917708,112.19059775280898
-1.66,1000,0.66,10,8.083822064513576,7.594009182314593,7.612440687325941,350.8046118377999,161.76372503840247
-1.66,2000,0.6,10,8.083822064513576,7.864513035855465,7.878519822046605,528.8557949423276,217.65270092226615
-1.66,50,0.84,11,8.125456429281595,5.358797539748763,5.321511091357239,42.48580120011658,47.81402843601896
-1.66,100,0.78,11,8.125456429281595,6.044493071837239,6.067982209886574,74.96884675123768,80.63372088888889
-1.66,500,0.72,11,8.125456429281595,7.334081213674227,7.305221683552419,232.21903821088037,119.73258039215686
-1.66,1000,0.66,11,8.125456429281595,7.693059347161935,7.645700166621649,356.9721564542652,170.1244192320996
-1.66,2000,0.6,11,8.125456429281595,7.885723090005212,7.893065032265659,536.829204466684,231.8212121212121
-1.66,50,0.84,12,8.163976491055333,5.351699789705492,5.310678929356845,42.550704058176365,48.48543689320388
-1.66,100,0.78,12,8.163976491055333,6.067512621845893,6.059106110335545,75.1305450614798,75.4531954887218
-1.66,500,0.72,12,8.163976491055333,7.334416636947017,7.312556286468256,234.16147671811436,112.55823557873232
-1.66,1000,0.66,12,8.163976491055333,7.672684705634227,7.6646751419251,363.4675469585595,162.29889112903226
-1.66,2000,0.6,12,8.163976491055333,7.920524683920253,7.934682931602448,553.4285446038162,229.71875
-1.66,50,0.84,13,8.108956108782667,5.277539158782581,5.314073587098255,42.391617714119775,49.06666666666666
-1.66,100,0.78,13,8.108956108782667,5.97613561901594,6.0497962845700375,74.58440727692725,78.2075245478036
-1.66,500,0.72,13,8.108956108782667,7.239055787026156,7.266522818871679,228.9134401040445,113.218054355133
-1.66,1000,0.66,13,8.108956108782667,7.599964293562985,7.606284581503657,354.498227490051,161.57674074074075
-1.66,2000,0.6,13,8.108956108782667,7.834306420752698,7.86403958393631,541.1477259866087,219.53304347826088
-1.66,50,0.84,14,8.087793004939002,5.354797539748763,5.307334838001747,42.41681401835797,45.340180180180184
-1.66,100,0.78,14,8.087793004939002,6.0361676438779455,6.053056187387981,74.62781130564717,73.61226143790849
-1.66,500,0.72,14,8.087793004939002,7.268069835671405,7.273703422139699,228.0920797817447,107.67325062034739
-1.66,1000,0.66,14,8.087793004939002,7.628964781911,7.61225135477267,350.7256494407924,160.21944940476192
-1.66,2000,0.6,14,8.087793004939002,7.849318716580386,7.858510029012652,528.4567584359372,219.03528128408914
-1.66,50,0.84,15,8.093629473654797,5.232229114718473,5.311859772109726,42.13291685772344,49.613074433656955
-1.66,100,0.78,15,8.093629473654797,6.02622566536809,6.045388113339129,74.12008135164758,76.82307692307693
-1.66,500,0.72,15,8.093629473654797,7.271497945742643,7.24265646213931,230.14912665074345,116.57237491190978
-1.66,1000,0.66,15,8.093629473654797,7.635226629467608,7.577243211310734,356.35011410106694,163.39238095238096
-1.66,2000,0.6,15,8.093629473654797,7.841507868477277,7.8178157971374205,541.7064076976962,219.66570048309183
-1.66,50,0.84,16,8.128112954182928,5.355248664727128,5.325633674832205,42.59200480113276,50.0316
-1.66,100,0.78,16,8.128112954182928,6.073951183743639,6.066927354644216,75.14894836840952,80.80857862903225
-1.66,500,0.72,16,8.128112954182928,7.2603606006922945,7.3075972222471055,231.11932647328155,116.31818181818181
-1.66,1000,0.66,16,8.128112954182928,7.61881575502389,7.646435566483742,354.5990582889914,164.39831381733023
-1.66,2000,0.6,16,8.128112954182928,7.908736823792194,7.8812566748691575,534.0748688481818,229.65852272727273
-1.66,50,0.84,17,8.1113291844516,5.297790552820727,5.31154588615274,42.3747706399503,47.17788679245283
-1.66,100,0.78,17,8.1113291844516,6.034676790346455,6.053177850808278,74.66388420287025,75.16850698174005
-1.66,500,0.72,17,8.1113291844516,7.253726909459497,7.275193634548307,230.79348060322062,111.46605185185184
-1.66,1000,0.66,17,8.1113291844516,7.6211529584365305,7.615546714735242,355.82456607376497,158.78894736842105
-1.66,2000,0.6,17,8.1113291844516,7.877040475448422,7.882138192783511,537.4416649924516,228.14781536293165
-1.66,50,0.84,18,8.129209230270416,5.3643073147530895,5.318491899759023,42.430230554524,48.07000000000001
-1.66,100,0.78,18,8.129209230270416,6.046202577781785,6.050839514282771,74.80274686461051,77.22657692307692
-1.66,500,0.72,18,8.129209230270416,7.289857241094846,7.279706269142081,231.82603466153276,109.32061872909699
-1.66,1000,0.66,18,8.129209230270416,7.626385823456365,7.63090527221519,358.8263260189224,156.40901041666666
-1.66,2000,0.6,18,8.129209230270416,7.897213160742316,7.90762127443612,544.1214553254588,223.5564021164021
-1.66,50,0.84,19,8.085881600123344,5.306797539748763,5.305402192598819,42.20665142093673,45.46
-1.66,100,0.78,19,8.085881600123344,6.037231946908399,6.039673238398044,74.25888708605989,72.1458273381295
-1.66,500,0.72,19,8.085881600123344,7.253568400998946,7.263581264878029,229.90803853038915,109.16255434782609
-1.66,1000,0.66,19,8.085881600123344,7.604753396479017,7.605767669243897,354.6156135012411,151.98492424242423
-1.66,2000,0.6,19,8.085881600123344,7.858336399319694,7.875980116071926,534.3560992109308,219.01167885978543
-1.66,50,0.84,20,8.055186514457494,5.225209564709821,5.3100009494413705,42.191102338626216,45.88532110091743
-1.66,100,0.78,20,8.055186514457494,6.041321993260548,6.0514457708612746,74.13967745189149,74.6608315565032
-1.66,500,0.72,20,8.055186514457494,7.260091595504133,7.257169400645462,226.42705738987797,111.4145185185185
-1.66,1000,0.66,20,8.055186514457494,7.593640469581473,7.590632182725795,346.4356982234997,156.9296079799107
-1.66,2000,0.6,20,8.055186514457494,7.816174047950659,7.848783459368995,521.7046386901104,219.23594202898553
-1.66,50,0.84,21,8.112343832806154,5.323248664727129,5.314765536143827,42.302647843848376,48.26865384615385
-1.66,100,0.78,21,8.112343832806154,6.0172088593220945,6.048170830603297,74.47291976672473,75.84692513368985
-1.66,500,0.72,21,8.112343832806154,7.269308943786774,7.266402569229433,230.6748542529135,112.17462626262626
-1.66,1000,0.66,21,8.112343832806154,7.633175503082944,7.607329821473791,357.586295321377,158.52380952380952
-1.66,2000,0.6,21,8.112343832806154,7.857607288885175,7.874177156270856,543.5533050155054,219.33794340924777
-1.66,50,0.84,22,8.135058941828014,5.359777989740108,5.32768521205712,42.4644827069765,48.58598058252427
-1.66,100,0.78,22,8.135058941828014,6.050948362929072,6.073427166850242,74.96588006951525,80.67057142857144
-1.66,500,0.72,22,8.135058941828014,7.262374957312794,7.304051724814385,232.64512215048268,117.40758914728681
-1.66,1000,0.66,22,8.135058941828014,7.632527154021284,7.646630664108291,359.05533506820467,167.7382857142857
-1.66,2000,0.6,22,8.135058941828014,7.897214493360115,7.8981067940925636,542.948509412129,232.68727272727273
-1.66,50,0.84,23,8.114842853442841,5.287248664727128,5.316273015272482,42.37499854609709,47.25471698113208
-1.66,100,0.78,23,8.114842853442841,6.009967912937727,6.059221461168218,74.6544334623999,78.296875
-1.66,500,0.72,23,8.114842853442841,7.314324305411629,7.275968105826748,230.94120907885764,114.02136363636365
-1.66,1000,0.66,23,8.114842853442841,7.612657544506573,7.606227669788384,356.54783729779575,162.40387096774194
-1.66,2000,0.6,23,8.114842853442841,7.8974576203238485,7.850157534044264,539.6706441937688,228.13059358567435
-1.66,50,0.84,24,8.21833705475504,5.322068483795562,5.33615919708781,42.893876530383025,52.70910994764398
-1.66,100,0.78,24,8.21833705475504,6.0601676438779455,6.093813949387989,76.05718785797211,82.67724517906336
-1.66,500,0.72,24,8.21833705475504,7.345234311634347,7.35900972072854,237.82412833749387,122.13869918699187
-1.66,1000,0.66,24,8.21833705475504,7.737073931318908,7.718253567423788,367.91625991824435,174.07714080459766
-1.66,2000,0.6,24,8.21833705475504,7.977031714391802,7.99588574093297,558.1211355932784,240.13327115038456
-1.66,50,0.84,25,8.142647726663391,5.328229114718474,5.328149943001151,42.651798433479655,51.42564102564103
-1.66,100,0.78,25,8.142647726663391,6.022244586840926,6.076322251810454,75.31611664512619,82.28648987463838
-1.66,500,0.72,25,8.142647726663391,7.321379966488346,7.312160860468387,232.10604999979645,118.93427450980393
-1.66,1000,0.66,25,8.142647726663391,7.65283858482672,7.646662907883916,357.31946052793376,168.25838095238095
-1.66,2000,0.6,25,8.142647726663391,7.917902872840152,7.914298364672125,539.2391733692621,229.83719726219726
-1.66,50,0.84,26,8.09240880642929,5.33557825879989,5.313373081533416,42.36211242153945,48.28788461538461
-1.66,100,0.78,26,8.09240880642929,5.99588971290311,6.047883190481019,74.54657160670884,75.29427819548873
-1.66,500,0.72,26,8.09240880642929,7.261904254098406,7.277944455965879,228.83854374384063,112.80395505617979
-1.66,1000,0.66,26,8.09240880642929,7.605678291290715,7.612850115513794,351.9161814742357,160.4440493827161
-1.66,2000,0.6,26,8.09240880642929,7.839230152716278,7.875925768017842,531.4484661703746,220.03253373313345
-1.66,50,0.84,27,8.173015362927595,5.2602291147184745,5.3301213674077985,42.65985373960257,50.29633333333333
-1.66,100,0.78,27,8.173015362927595,5.999257778457361,6.087038799047387,75.50375019830017,82.31956284153004
-1.66,500,0.72,27,8.173015362927595,7.312740810725726,7.342683049189684,235.53122481141273,121.93382926829268
-1.66,1000,0.66,27,8.173015362927595,7.678480656591491,7.689672928209488,363.1645149396905,173.51271192528736
-1.66,2000,0.6,27,8.173015362927595,7.922185701371889,7.95369191042572,548.1582688719105,239.7712380952381
-1.66,50,0.84,28,8.123392550418274,5.4035782587998895,5.312351093480328,42.408191099056154,48.36193236714977
-1.66,100,0.78,28,8.123392550418274,6.063512621845893,6.051632913856641,74.7343048189911,77.12596153846154
-1.66,500,0.72,28,8.123392550418274,7.309255927922544,7.267768970037722,231.3785933898415,112.52189662921346
-1.66,1000,0.66,28,8.123392550418274,7.625459647838009,7.59669275199606,357.6976212699762,161.96767032173062
-1.66,2000,0.6,28,8.123392550418274,7.883996377089588,7.847977045109972,542.0886216760299,219.42187088274045
-1.66,50,0.84,29,8.072307794810696,5.350797539748762,5.311636262964439,42.21780508866177,49.0002614379085
-1.66,100,0.78,29,8.072307794810696,6.017835305842526,6.050834086604894,74.21893413447559,75.90234848484849
-1.66,500,0.72,29,8.072307794810696,7.240426440429597,7.266233998526829,227.6642431540356,109.99126942023494
-1.66,1000,0.66,29,8.072307794810696,7.602403128647052,7.604608390783488,350.5808733200043,156.87139062499998
-1.66,2000,0.6,29,8.072307794810696,7.859289243438643,7.873068238364299,530.2698637421798,219.2095552223888
-1.66,50,0.84,30,8.091974473056567,5.315777989740108,5.317878237380907,42.342883030903295,50.47738693467337
-1.66,100,0.78,30,8.091974473056567,6.112831768264877,6.052194543949124,74.48624968618621,77.2944706959707
-1.66,500,0.72,30,8.091974473056567,7.258027928660297,7.262195586522081,229.0024939801385,111.88375308641974
-1.66,1000,0.66,30,8.091974473056567,7.596537507753025,7.592812752480431,352.5922442256833,162.0664640198511
-1.66,2000,0.6,30,8.091974473056567,7.881312210835082,7.84337041445156,532.6017661161819,218.94368530020702
-1.66,50,0.84,31,8.09387366988685,5.337287764744435,5.3055714711840025,42.39387302104828,45.08837837837838
-1.66,100,0.78,31,8.09387366988685,6.0499804760183435,6.040331808461007,74.54422206193978,75.57834586466166
-1.66,500,0.72,31,8.09387366988685,7.24005062363882,7.26176959497592,228.02079514872793,110.04541666666667
-1.66,1000,0.66,31,8.09387366988685,7.633116856031213,7.598590188031539,351.4821099449194,156.25907692307692
-1.66,2000,0.6,31,8.09387366988685,7.849555378857633,7.8378187652740285,532.989024120669,215.15106382978723
-1.66,50,0.84,32,8.145019460945706,5.370068483795562,5.31802045336168,42.52100257850242,51.422680412371136
-1.66,100,0.78,32,8.145019460945706,6.083902981371455,6.069130913921112,75.10664329621419,80.14267733333334
-1.66,500,0.72,32,8.145019460945706,7.27969443654835,7.325438454744328,234.01557990521022,117.0863611491108
-1.66,1000,0.66,32,8.145019460945706,7.659966707822951,7.663656638116626,360.8442530936919,168.24941666666666
-1.66,2000,0.6,32,8.145019460945706,7.902768069361673,7.91283223600264,542.9079608230458,237.8095238095238
-1.66,50,0.84,33,8.103566998082286,5.315300327825054,5.298560688059484,42.316029395913176,46.19444444444444
-1.66,100,0.78,33,8.103566998082286,6.054957465283948,6.03466167891997,74.50142415821925,74.5047037037037
-1.66,500,0.72,33,8.103566998082286,7.248769207179052,7.263298572987561,230.76662298834404,111.75879111111111
-1.66,1000,0.66,33,8.103566998082286,7.599954628682028,7.602399538546771,356.54737209648084,159.24261904761906
-1.66,2000,0.6,33,8.103566998082286,7.880466746877855,7.848255950807442,538.3048266554106,227.43222222222224
-1.66,50,0.84,34,8.149813444973251,5.346797539748762,5.346837734350631,42.67388652333079,53.16656084656084
-1.66,100,0.78,34,8.149813444973251,6.078306609365364,6.089750135094099,75.42194604964831,84.51520361990949
-1.66,500,0.72,34,8.149813444973251,7.306287082889368,7.309376708812693,232.701965235896,122.58227642276422
-1.66,1000,0.66,34,8.149813444973251,7.644153443239679,7.6473735888784224,357.570089681751,168.84284743589743
-1.66,2000,0.6,34,8.149813444973251,7.932700778746894,7.879412020919418,539.2441288058629,231.05263157894734
-1.66,50,0.84,35,8.167209658486108,5.241990283760947,5.322443324476891,42.643144503305166,50.769090909090906
-1.66,100,0.78,35,8.167209658486108,6.021777284352384,6.071181022801359,75.40835679376434,81.29317204301074
-1.66,500,0.72,35,8.167209658486108,7.314509052093531,7.316092753827746,234.67165494067217,118.55424313725491
-1.66,1000,0.66,35,8.167209658486108,7.653808987432848,7.662118108107222,362.5685077091307,168.8384358974359
-1.66,2000,0.6,35,8.167209658486108,7.919766910506513,7.909697444197803,548.3443010284609,238.88367346938776
-1.66,50,0.84,36,8.147243565848536,5.334797539748763,5.328405842526647,42.72599443784438,50.76873096446701
-1.66,100,0.78,36,8.147243565848536,6.086796834361037,6.0798337912003975,75.50430546063629,81.88567073170732
-1.66,500,0.72,36,8.147243565848536,7.306472215937937,7.306016918215199,232.29276675651286,120.57838662759144
-1.66,1000,0.66,36,8.147243565848536,7.649461050291167,7.644924759041045,356.6019937307941,167.66
-1.66,2000,0.6,36,8.147243565848536,7.901290683594803,7.904731084284067,537.0513311678072,230.2361853832442
-1.66,50,0.84,37,8.086141363253287,5.349817089757416,5.3076553703839915,42.267986163795854,47.7448253968254
-1.66,100,0.78,37,8.086141363253287,6.05239320636713,6.047657793090123,74.33739313529342,75.81060606060606
-1.66,500,0.72,37,8.086141363253287,7.235567129292835,7.270595613086033,229.2549992483222,112.45037037037038
-1.66,1000,0.66,37,8.086141363253287,7.614911119251287,7.609811578279873,353.48523752214675,159.15987780297303
-1.66,2000,0.6,37,8.086141363253287,7.852262572005219,7.869197701257654,533.2492229125072,219.73540372670809
-1.66,50,0.84,38,8.146093919974872,5.314268214735781,5.327162494826301,42.677161480024154,52.62357894736842
-1.66,100,0.78,38,8.146093919974872,6.021803115901345,6.072121503311546,75.40105728410529,80.66935483870968
-1.66,500,0.72,38,8.146093919974872,7.335852789157488,7.303679521309557,232.3021964411553,120.98970427163196
-1.66,1000,0.66,38,8.146093919974872,7.673090940445093,7.644171665413838,357.1065884884687,167.569134057971
-1.66,2000,0.6,38,8.146093919974872,7.934964004280678,7.908909977313813,539.3042147362806,229.60354227203544
-1.66,50,0.84,39,8.130067140963337,5.387777989740108,5.314380884045336,42.45642995227519,47.55828571428572
-1.66,100,0.78,39,8.130067140963337,6.091851318273529,6.055007755805911,74.82575455885275,75.61224310776942
-1.66,500,0.72,39,8.130067140963337,7.2645503723748135,7.284717563145523,231.9339354885296,110.4426153846154
-1.66,1000,0.66,39,8.130067140963337,7.648719746330873,7.628799453350423,359.3388771204985,158.01169642857144
-1.66,2000,0.6,39,8.130067140963337,7.899664169101859,7.886113530026918,544.5138344435748,220.008095952024
-1.66,50,0.84,40,8.092457447246282,5.36030731475309,5.317780398128839,42.28973705439907,48.355000000000004
-1.66,100,0.78,40,8.092457447246282,6.0431153522442,6.048242301110416,74.43042853352672,76.1045008912656
-1.66,500,0.72,40,8.092457447246282,7.31330496155042,7.2620932119330766,229.59172689873884,108.23418342820999
-1.66,1000,0.66,40,8.092457447246282,7.597559600666213,7.6045381914342665,354.2326030999174,156.96893861607143
-1.66,2000,0.6,40,8.092457447246282,7.851963183410547,7.864470998000269,534.8690681893584,219.58283273822022
-1.66,50,0.84,41,8.09727748712763,5.310268214735782,5.310829479548154,42.331876491260005,50.15144278606965
-1.66,100,0.78,41,8.09727748712763,6.043677418882273,6.046419851868991,74.4538561284652,75.08162962962963
-1.66,500,0.72,41,8.09727748712763,7.270352089349207,7.274256361545282,229.2774367646926,111.16274509803922
-1.66,1000,0.66,41,8.09727748712763,7.613490997198069,7.613043428578712,354.1788860835878,157.87660300925927
-1.66,2000,0.6,41,8.09727748712763,7.859682470588416,7.857711967506063,536.4655248900413,219.9790513833992
-1.66,50,0.84,42,8.15257659141403,5.346268214735781,5.334197801728427,42.57309490715676,50.38123953098827
-1.66,100,0.78,42,8.15257659141403,6.077586655767039,6.076845858945412,75.18264034334612,80.08608
-1.66,500,0.72,42,8.15257659141403,7.319129326181051,7.301874056214967,233.2488372514295,119.89507936507937
-1.66,1000,0.66,42,8.15257659141403,7.6533111493916595,7.648333356325478,360.5355700457358,166.05325901639344
-1.66,2000,0.6,42,8.15257659141403,7.913579094782259,7.898479880158412,546.5282242598637,228.9575662878788
-1.66,50,0.84,43,8.175755193695073,5.294068483795562,5.324372180976691,42.685921634861074,51.61769759450172
-1.66,100,0.78,43,8.175755193695073,6.056757734343728,6.071314928583972,75.4195259362115,82.48403825136612
-1.66,500,0.72,43,8.175755193695073,7.369188689577543,7.325633103011537,234.48734993965923,118.17174901960784
-1.66,1000,0.66,43,8.175755193695073,7.662215889059564,7.669810574901524,364.1439552108755,167.3520925925926
-1.66,2000,0.6,43,8.175755193695073,7.940303700941726,7.918566963999269,554.2039331578751,239.65660910518056
-1.66,50,0.84,44,8.144300682571654,5.33557825879989,5.31572856709329,42.43071226847289,47.06603773584906
-1.66,100,0.78,44,8.144300682571654,6.075851318273529,6.054024193106935,74.87062672122296,77.10228644129407
-1.66,500,0.72,44,8.144300682571654,7.318006122764646,7.275225299348795,233.85107130537497,115.1684012539185
-1.66,1000,0.66,44,8.144300682571654,7.598238244929682,7.6306677674433905,362.7457413147767,164.8552380952381
-1.66,2000,0.6,44,8.144300682571654,7.905727476234293,7.893251067690948,549.0025285146646,223.2411725955204
-1.66,50,0.84,45,8.095235524483915,5.329287764744436,5.318233674011882,42.30405949763238,48.22480769230769
-1.66,100,0.78,45,8.095235524483915,6.0720936099567995,6.056153694915318,74.44879495649157,78.31245974955277
-1.66,500,0.72,45,8.095235524483915,7.270396660803828,7.269324167969831,229.95974467163435,115.92486466444196
-1.66,1000,0.66,45,8.095235524483915,7.58102410422539,7.609975646603903,354.9352146219134,162.52000342130984
-1.66,2000,0.6,45,8.095235524483915,7.857456220208503,7.8752368378414275,535.439810055478,220.42100999189844
-1.66,50,0.84,46,8.085548720661789,5.341287764744434,5.3074420397038855,42.366893542915534,46.24538226299694
-1.66,100,0.78,46,8.085548720661789,5.989431677848618,6.055351204631833,74.55332484302171,76.52172348484848
-1.66,500,0.72,46,8.085548720661789,7.253198214429529,7.277085582064329,228.10971596557144,118.93477272727273
-1.66,1000,0.66,46,8.085548720661789,7.581841352538701,7.607229848606366,349.88682901971026,166.9989247311828
-1.66,2000,0.6,46,8.085548720661789,7.846922992780906,7.861126733622828,527.7429340579445,229.67772469008267
-1.66,50,0.84,47,8.158652667118437,5.354268214735782,5.313346616154502,42.54867925974142,48.8919806763285
-1.66,100,0.78,47,8.158652667118437,6.097935171312637,6.058779794970245,75.19459723993324,78.66413461538461
-1.66,500,0.72,47,8.158652667118437,7.293485243538095,7.30457415564955,234.63947275435964,119.53690697331565
-1.66,1000,0.66,47,8.158652667118437,7.686292999839547,7.653045708834911,362.7168595084421,167.94473684210524
-1.66,2000,0.6,47,8.158652667118437,7.912274257047602,7.915448229270859,548.6397377105437,230.05508658008657
-1.66,50,0.84,48,8.12354223295694,5.3287584397314545,5.330248339718939,42.41211169920584,50.77373942470389
-1.66,100,0.78,48,8.12354223295694,6.0805321718545455,6.07284158630814,74.77252716100186,82.35112412177985
-1.66,500,0.72,48,8.12354223295694,7.269234572002806,7.292372186765054,231.58733599060105,119.86248809523808
-1.66,1000,0.66,48,8.12354223295694,7.643262453969287,7.6497457357486525,357.14261148991903,167.19491391941392
-1.66,2000,0.6,48,8.12354223295694,7.869873726473221,7.943800462431779,540.4427553053243,229.8588922006955
-1.66,50,0.84,49,8.070445456887507,5.348029383778254,5.294272794479278,42.13929770947646,43.96035242290749
-1.66,100,0.78,49,8.070445456887507,6.058831768264876,6.030750911140716,73.99572887524837,74.17940740740741
-1.66,500,0.72,49,8.070445456887507,7.222894798996907,7.253103084073865,227.6630439607174,109.73197282608696
-1.66,1000,0.66,49,8.070445456887507,7.599626237582624,7.593559298960653,351.95159618545847,157.22442274305556
-1.66,2000,0.6,49,8.070445456887507,7.820994388435797,7.854152134135885,533.6933892582771,218.6285105055128
-1.66,50,0.84,50,8.14169476977974,5.268758439731456,5.3265734694837725,42.638889508802265,51.14006802721088
-1.66,100,0.78,50,8.14169476977974,6.0818094742935624,6.075180855891656,75.29056742129961,81.61033062330623
-1.66,500,0.72,50,8.14169476977974,7.274104544812533,7.316434313029,232.4238298403515,119.81380952380952
-1.66,1000,0.66,50,8.14169476977974,7.653227469491597,7.674643651626754,357.02443501788827,173.12639655172418
-1.66,2000,0.6,50,8.14169476977974,7.908966943563017,7.953673793619676,537.477278443547,232.2060606060606
-1.66,50,0.84,51,8.090614341280833,5.266519608773927,5.294369540827247,42.27689656535935,46.27167434715822
-1.66,100,0.78,51,8.090614341280833,6.019247959339403,6.026753211504533,74.35395125492109,72.48920289855073
-1.66,500,0.72,51,8.090614341280833,7.249472223283218,7.256508401547229,229.18880661601122,110.08465934065934
-1.66,1000,0.66,51,8.090614341280833,7.572607253845935,7.601099685064733,353.7976068049168,154.86020512820514
-1.66,2000,0.6,51,8.090614341280833,7.851537563616759,7.869024043761492,535.4693571048816,220.62245543894716
-1.66,50,0.84,52,8.120227375986762,5.282519608773927,5.309946388295048,42.433481070737116,46.95286384976525
-1.66,100,0.78,52,8.120227375986762,5.948809397441655,6.052371715447756,74.78442207441843,77.77218604651162
-1.66,500,0.72,52,8.120227375986762,7.279971780341116,7.2869119659863015,230.9548433305357,115.35423754789271
-1.66,1000,0.66,52,8.120227375986762,7.639369751807057,7.629464932786467,356.40572748846563,161.59097198212598
-1.66,2000,0.6,52,8.120227375986762,7.868320946661003,7.890030029921062,539.9456784883171,220.3086956521739
-1.66,50,0.84,53,8.08777392750857,5.29484920284669,5.297776750220792,42.36580568964098,46.907227414330215
-1.66,100,0.78,53,8.08777392750857,6.0986669712284955,6.03350069900035,74.56214666593483,74.28340035273368
-1.66,500,0.72,53,8.08777392750857,7.316001345382858,7.274337448365256,228.7821210765119,106.8460572267058
-1.66,1000,0.66,53,8.08777392750857,7.605111762546059,7.636987272290334,351.6319931118141,157.1775641025641
-1.66,2000,0.6,53,8.08777392750857,7.8740453423465695,7.90743121881258,529.5285726939932,217.8435038594833
-1.66,50,0.84,54,8.10660521429919,5.297009833769601,5.319023235158498,42.42384763477915,49.59386138613861
-1.66,100,0.78,54,8.10660521429919,6.090567105758385,6.059341956896647,74.76962940064185,80.14160000000001
-1.66,500,0.72,54,8.10660521429919,7.300056825583637,7.274378600066256,230.14619970996708,116.83418604651162
-1.66,1000,0.66,54,8.10660521429919,7.597020022219013,7.610953015210059,353.613633393116,162.85749302528336
-1.66,2000,0.6,54,8.10660521429919,7.875082256814497,7.858550238073646,532.8725481281722,225.05579651941096
-1.66,50,0.84,55,8.149025978371142,5.322268214735781,5.312836073695771,42.45227407205664,47.618199052132695
-1.66,100,0.78,55,8.149025978371142,6.100831768264876,6.053540657392429,74.92228744939972,77.19947073791349
-1.66,500,0.72,55,8.149025978371142,7.276683613401194,7.280901994797005,233.79606247581765,116.45333333333333
-1.66,1000,0.66,55,8.149025978371142,7.62160873236579,7.622255626003359,362.22103193932634,164.8872950819672
-1.66,2000,0.6,55,8.149025978371142,7.902569278022392,7.87568283369446,549.5956918059499,232.0515019762846
-1.66,50,0.84,56,8.103045320507132,5.346268214735781,5.311752642015943,42.43470445846319,50.119004975124376
-1.66,100,0.78,56,8.103045320507132,6.050493071837238,6.05009516695814,74.77037096396062,78.78634420697412
-1.66,500,0.72,56,8.103045320507132,7.2767152680704,7.278919969337716,230.2355460246989,115.13387423935092
-1.66,1000,0.66,56,8.103045320507132,7.640054772254082,7.62437457412153,353.6673446913032,161.85300614439325
-1.66,2000,0.6,56,8.103045320507132,7.877768700244337,7.874958542254121,530.972476644629,228.16297383223284
-1.66,50,0.84,57,8.099555121816591,5.359777989740108,5.307255676222948,42.36555042043278,46.48768992248062
-1.66,100,0.78,57,8.099555121816591,6.023282893243241,6.031695696331299,74.56377321510921,75.06954887218045
-1.66,500,0.72,57,8.099555121816591,7.217654473954663,7.254286837102411,229.1547580039958,108.12297872340424
-1.66,1000,0.66,57,8.099555121816591,7.66027379896947,7.600163385593618,353.8520090388579,153.0120010449321
-1.66,2000,0.6,57,8.099555121816591,7.843940541539413,7.8531350523905425,536.6608915007495,211.08333333333334
-1.66,50,0.84,58,8.077811593232756,5.304029383778254,5.303489297836434,42.259570241072794,49.0040975609756
-1.66,100,0.78,58,8.077811593232756,6.017422575493743,6.033617319823999,74.27384591788912,76.68882801975752
-1.66,500,0.72,58,8.077811593232756,7.2755243105887715,7.241616228436169,228.2609399164821,112.02914379084967
-1.66,1000,0.66,58,8.077811593232756,7.621782923560249,7.566642849757379,351.6586095678188,154.70618181818182
-1.66,2000,0.6,58,8.077811593232756,7.8437792063772305,7.805272776969993,530.4892590805257,219.05840579710147
-1.66,50,0.84,59,8.077070535296695,5.349738889722801,5.285137829857677,42.21903908222895,42.773732193732194
-1.66,100,0.78,59,8.077070535296695,6.043213025435563,6.016355471008,74.20117617467334,69.64175862068966
-1.66,500,0.72,59,8.077070535296695,7.2480281920377205,7.24625425925689,228.21759196251284,103.4993264604811
-1.66,1000,0.66,59,8.077070535296695,7.5415530935643575,7.595159199269583,352.01082186564975,153.3419077134986
-1.66,2000,0.6,59,8.077070535296695,7.834254785671247,7.865319340565132,532.3704086002616,211.25776478232618
-1.66,50,0.84,60,8.078404723162699,5.309868752855342,5.311509277901248,42.33279136464219,46.64018691588785
-1.66,100,0.78,60,8.078404723162699,6.035586655767039,6.045479624031205,74.45774550012247,75.74232323232323
-1.66,500,0.72,60,8.078404723162699,7.239299161257061,7.263969520467934,228.231792621722,112.1889777777778
-1.66,1000,0.66,60,8.078404723162699,7.595428064345637,7.61664807783738,350.2351702492239,154.46386363636367
-1.66,2000,0.6,60,8.078404723162699,7.875243147158207,7.881399574891281,526.2477955893376,214.40931372549016
-1.66,50,0.84,61,8.12887481464856,5.31353915878258,5.319030147615104,42.472529907141336,49.75789939192925
-1.66,100,0.78,61,8.12887481464856,6.113709608823454,6.060577644166442,74.90017667481833,78.60343669250645
-1.66,500,0.72,61,8.12887481464856,7.3041140166246254,7.300317384000416,232.21976742349491,115.16291187739465
-1.66,1000,0.66,61,8.12887481464856,7.653501434406192,7.655170287511856,358.3921683977808,168.43461904761904
-1.66,2000,0.6,61,8.12887481464856,7.883942617143539,7.909341364850185,540.8988314156331,228.68026350461133
-1.66,50,0.84,62,8.161880548578056,5.316558708791235,5.32506677079515,42.6479606114425,50.0087960199005
-1.66,100,0.78,62,8.161880548578056,6.035331812378508,6.070800861961485,75.36350849960309,81.63836495031616
-1.66,500,0.72,62,8.161880548578056,7.31320034445767,7.310323545339895,233.16284287938925,117.21640444893833
-1.66,1000,0.66,62,8.161880548578056,7.660817334356869,7.65120934889211,360.13660450855457,167.33542592592593
-1.66,2000,0.6,62,8.161880548578056,7.91281695056926,7.922165290959117,547.836539392241,230.00144351314566
-1.66,50,0.84,63,8.160959049769563,5.325287764744436,5.316245939078744,42.64189866426284,47.28436018957346
-1.66,100,0.78,63,8.160959049769563,6.0282933408970205,6.062749511550202,75.32910830190596,76.59876844783714
-1.66,500,0.72,63,8.160959049769563,7.337382863899089,7.298049000784778,233.01401599085807,113.68653728294177
-1.66,1000,0.66,63,8.160959049769563,7.608920048712973,7.63582599218677,360.15919040595895,165.0434426229508
-1.66,2000,0.6,63,8.160959049769563,7.934931693869982,7.909734056447006,548.1257182742708,229.33826358826357
-1.66,50,0.84,64,8.110634149039328,5.356029383778255,5.321441657603688,42.440758148479716,49.3293725490196
-1.66,100,0.78,64,8.110634149039328,6.046502174192115,6.064677970494292,74.78521420864531,80.01587926509185
-1.66,500,0.72,64,8.110634149039328,7.273224122265911,7.294627314982985,231.00668991911868,117.681894820296
-1.66,1000,0.66,64,8.110634149039328,7.614657729971076,7.6342213085510915,355.53359665909596,164.27397540983605
-1.66,2000,0.6,64,8.110634149039328,7.872323396151225,7.900585887268117,534.3224982975992,229.84575757575757
-1.66,50,0.84,65,8.181447237576965,5.39630731475309,5.3309645417829765,42.63993373331064,50.1928
-1.66,100,0.78,65,8.181447237576965,6.04459019334469,6.0781226787694935,75.37388331769861,82.00545340838025
-1.66,500,0.72,65,8.181447237576965,7.310152070752406,7.318285663410765,235.3388742139002,120.0
-1.66,1000,0.66,65,8.181447237576965,7.666779093853089,7.676378303231246,365.1448950451537,168.07146825396825
-1.66,2000,0.6,65,8.181447237576965,7.955206377466294,7.95275283308364,555.5569683348963,230.36888111888112
-1.66,50,0.84,66,8.10753483028613,5.266190014701166,5.298396680599856,42.2634009597524,45.62527272727272
-1.66,100,0.78,66,8.10753483028613,6.010254240879711,6.04067472109623,74.44236611941245,74.11640756302522
-1.66,500,0.72,66,8.10753483028613,7.262857532259841,7.267941521354702,231.86879605970333,110.37874625374626
-1.66,1000,0.66,66,8.10753483028613,7.614510673052753,7.610622320661903,358.8071617199019,157.37505494505496
-1.66,2000,0.6,66,8.10753483028613,7.85559799584424,7.875673516813092,540.5829474523526,219.73613306982872
-1.66,50,0.84,67,8.100998608457376,5.309539158782581,5.293480351992906,42.27818357071709,44.16757709251101
-1.66,100,0.78,67,8.100998608457376,6.066099968349016,6.025662411033776,74.33494021828052,72.46148681055156
-1.66,500,0.72,67,8.100998608457376,7.247402265105336,7.267594990470173,230.10825745694407,105.81426900584796
-1.66,1000,0.66,67,8.100998608457376,7.602346682102137,7.623003815810205,356.67311300081656,156.9976229166667
-1.66,2000,0.6,67,8.100998608457376,7.843386131312302,7.891841250442465,539.9548275545964,219.33278495887188
-1.66,50,0.84,68,8.185066332281849,5.316029383778255,5.334253910547752,42.76605433195837,49.984941956882246
-1.66,100,0.78,68,8.185066332281849,6.105686521237149,6.087218851394183,75.71636151054133,83.45363177805801
-1.66,500,0.72,68,8.185066332281849,7.332143630798531,7.335036523607868,235.79809618170347,121.71447154471544
-1.66,1000,0.66,68,8.185066332281849,7.6524921180597705,7.68660127411602,364.0647965838306,173.3228440907751
-1.66,2000,0.6,68,8.185066332281849,7.9470920980375395,7.9663659639907936,549.5750745041634,244.62571428571425
-1.66,50,0.84,69,8.116621238302656,5.316758439731455,5.303582549624352,42.31596815535036,47.41433962264151
-1.66,100,0.78,69,8.116621238302656,6.045937915275294,6.040182119044543,74.52898761798399,76.46056818181819
-1.66,500,0.72,69,8.116621238302656,7.272947346442206,7.27305088870279,231.5141557058954,110.7387969924812
-1.66,1000,0.66,69,8.116621238302656,7.615394594186677,7.62186748084172,358.1769311250439,153.44878787878787
-1.66,2000,0.6,69,8.116621238302656,7.886573930219437,7.888624302515947,542.9080771819961,223.85244444444444
-1.66,50,0.84,70,8.126418116147978,5.300029383778254,5.316374500098451,42.45667201999126,49.19339805825242
-1.66,100,0.78,70,8.126418116147978,6.0710482283991825,6.053143139605837,74.84318170871207,76.84779448621553
-1.66,500,0.72,70,8.126418116147978,7.304764136244354,7.282203825779484,231.71347280947265,114.97704686118479
-1.66,1000,0.66,70,8.126418116147978,7.618270704597142,7.621060322059882,358.45339158799607,157.4871828752643
-1.66,2000,0.6,70,8.126418116147978,7.8709284547627565,7.890698810329042,542.0046750345687,227.84869408369406
-1.66,50,0.84,71,8.069965689791239,5.337287764744436,5.2999054839921556,42.201839460288305,45.203619909502265
-1.66,100,0.78,71,8.069965689791239,6.016548349364724,6.031333939667697,74.18463851725359,71.08181560283688
-1.66,500,0.72,71,8.069965689791239,7.290435377488673,7.2282425655180065,228.0247603848249,106.36800000000001
-1.66,1000,0.66,71,8.069965689791239,7.615290656578731,7.568380788040806,350.5884937905263,153.35661881977674
-1.66,2000,0.6,71,8.069965689791239,7.840382179210299,7.820785972634134,528.0343883480882,210.9376225490196
-1.66,50,0.84,72,8.084151573323444,5.373287764744436,5.307858515650231,42.412387058093486,46.222857142857144
-1.66,100,0.78,72,8.084151573323444,6.0597123527861125,6.052977745384864,74.62149149946505,74.6535132032147
-1.66,500,0.72,72,8.084151573323444,7.265316115684842,7.26237050581379,227.98614276128558,114.16750877192985
-1.66,1000,0.66,72,8.084151573323444,7.589972200283015,7.589552633553141,350.1801520436176,159.78445200302343
-1.66,2000,0.6,72,8.084151573323444,7.850139234499163,7.83976331629432,526.9522077095867,219.57800511508955
-1.66,50,0.84,73,8.090190665041892,5.3185196087739275,5.315580626647034,42.402245754068275,47.973227006911216
-1.66,100,0.78,73,8.090190665041892,6.0849316337349855,6.048554777001292,74.57191680549376,76.49922077922079
-1.66,500,0.72,73,8.090190665041892,7.2506498966063635,7.253629039970527,228.26474579064623,114.22089887640449
-1.66,1000,0.66,73,8.090190665041892,7.627754073284794,7.5888908473528955,351.4825655349756,160.24413991769546
-1.66,2000,0.6,73,8.090190665041892,7.854923615528165,7.849623740623374,530.5943004900192,221.34217391304347
-1.66,50,0.84,74,8.037296353430598,5.323777989740108,5.3017121782056815,42.13507761163881,46.4766030283081
-1.66,100,0.78,74,8.037296353430598,5.992641856442615,6.035954360759524,73.93085087752564,72.67472049689441
-1.66,500,0.72,74,8.037296353430598,7.230556987608212,7.238280906004072,225.27904638393787,108.43250896057346
-1.66,1000,0.66,74,8.037296353430598,7.534578938138798,7.564777905157881,344.62142827878614,154.0310650887574
-1.66,2000,0.6,74,8.037296353430598,7.786992813550157,7.8074098251100255,517.97501984871,210.6834523809524
-1.66,50,0.84,75,8.113977525203865,5.3127584397314545,5.317239132381066,42.38112412869265,49.27175399313331
-1.66,100,0.78,75,8.113977525203865,6.054202577781785,6.0571922752859635,74.7145512024487,79.1398667474258
-1.66,500,0.72,75,8.113977525203865,7.282871710657024,7.281349762267293,231.44667007491063,115.41596632423827
-1.66,1000,0.66,75,8.113977525203865,7.633061142423777,7.621000825971405,356.8739053368284,163.60406451612906
-1.66,2000,0.6,75,8.113977525203865,7.875446132198685,7.862053875129223,538.4636817355969,230.17398601398602
-1.66,50,0.84,76,8.082433869931938,5.308229114718475,5.301279747038062,42.08881773666885,47.011079812206575
-1.66,100,0.78,76,8.082433869931938,6.006367374818166,6.032572786830086,73.92785702820643,74.20235390946502
-1.66,500,0.72,76,8.082433869931938,7.254449397735337,7.250333071231193,228.7685305194664,108.22064937803079
-1.66,1000,0.66,76,8.082433869931938,7.599754100657658,7.599059751677693,355.049915204686,152.92922266139658
-1.66,2000,0.6,76,8.082433869931938,7.848628563345912,7.879949170119041,541.84523139053,211.3375
-1.66,50,0.84,77,8.09860151324349,5.3257388897228015,5.292030875319245,42.259594644353996,43.202835249042145
-1.66,100,0.78,77,8.09860151324349,6.0609316337349854,6.0349653134468735,74.37867280364848,72.79971014492754
-1.66,500,0.72,77,8.09860151324349,7.210542365357905,7.277772776889559,230.29526715954532,110.38971810797896
-1.66,1000,0.66,77,8.09860151324349,7.597412054157241,7.6335586282632875,355.5493009248728,157.69426562499999
-1.66,2000,0.6,77,8.09860151324349,7.852895066232681,7.90716798806106,537.5950212941945,222.98543209876544
-1.66,50,0.84,78,8.131285317754735,5.361539158782581,5.327910459132258,42.56512319115038,50.95614100185529
-1.66,100,0.78,78,8.131285317754735,6.044228409330748,6.077662151698262,75.08895315811749,81.25095625241966
-1.66,500,0.72,78,8.131285317754735,7.272681282341073,7.299747449473789,231.08524083304724,119.16341543513958
-1.66,1000,0.66,78,8.131285317754735,7.616224772094728,7.640677812952055,355.6769008998392,165.50408665105388
-1.66,2000,0.6,78,8.131285317754735,7.894751666674916,7.894786441259928,538.3122657812819,230.5820538720539
-1.66,50,0.84,79,8.179986026540334,5.3207584397314545,5.325481180574649,42.66779719679417,49.82987285793256
-1.66,100,0.78,79,8.179986026540334,6.048664227265837,6.077536317727384,75.45856312098056,80.11726984126985
-1.66,500,0.72,79,8.179986026540334,7.346317667520184,7.3259549251333675,235.87466675550533,122.4027730968219
-1.66,1000,0.66,79,8.179986026540334,7.670489692648142,7.67486604115745,364.8188187604736,167.3866479076479
-1.66,2000,0.6,79,8.179986026540334,7.938201949139159,7.937120433946948,552.1759581103483,239.61535714285716
-1.66,50,0.84,80,8.086440635732227,5.2566802396968395,5.304862890842689,42.27679389668606,46.35113168724279
-1.66,100,0.78,80,8.086440635732227,6.069145349906634,6.037381387770768,74.37373154228312,75.10438576349026
-1.66,500,0.72,80,8.086440635732227,7.257446240231944,7.233922734649095,229.2216772559487,110.66507807981493
-1.66,1000,0.66,80,8.086440635732227,7.570519622171192,7.56958455467446,352.74113148891513,152.89203463203464
-1.66,2000,0.6,80,8.086440635732227,7.875302744902794,7.8248970350229134,531.8284793821902,210.85066666666668
-1.66,50,0.84,81,8.113483826665352,5.357817089757416,5.322945552337159,42.4037680919551,49.4335632183908
-1.66,100,0.78,81,8.113483826665352,6.027596474884999,6.064885651059562,74.74636597741859,79.35432022084196
-1.66,500,0.72,81,8.113483826665352,7.308048528511077,7.2750895041023265,231.33005965121072,116.48085976039464
-1.66,1000,0.66,81,8.113483826665352,7.599148942973374,7.610435353051498,356.32042117716776,165.62740224256615
-1.66,2000,0.6,81,8.113483826665352,7.8788781078376875,7.861992576677848,536.5197533028393,224.8728888888889
-1.66,50,0.84,82,8.138028961406317,5.432307314753089,5.305020327409959,42.37628264145121,47.7924716553288
-1.66,100,0.78,82,8.138028961406317,6.062664227265836,6.052614457000953,74.80791523397066,75.91726010101011
-1.66,500,0.72,82,8.138028961406317,7.308909413288072,7.298537165916523,233.29083108506876,115.16205808080808
-1.66,1000,0.66,82,8.138028961406317,7.6333936241272,7.648163698556252,361.3162081550568,162.50331105990784
-1.66,2000,0.6,82,8.138028961406317,7.904190987035037,7.932099210565342,548.742650886036,229.3931818181818
-1.66,50,0.84,83,8.162675084477282,5.273009833769601,5.322974214761484,42.65545309860451,49.81481481481481
-1.66,100,0.78,83,8.162675084477282,6.10731924929789,6.069716734043474,75.39028205259478,78.56768749999999
-1.66,500,0.72,83,8.162675084477282,7.340385304000948,7.318685059321633,234.26358238306122,115.9542528735632
-1.66,1000,0.66,83,8.162675084477282,7.6655774028191646,7.673532332609453,362.0930790604323,161.6605529953917
-1.66,2000,0.6,83,8.162675084477282,7.919972142565203,7.95221720654024,546.8142674640475,229.0944820295983
-1.66,50,0.84,84,8.107644726807461,5.257209564709822,5.30767134022027,42.29845531767765,47.55752380952381
-1.66,100,0.78,84,8.107644726807461,5.972802487365527,6.043926556230813,74.43550604705065,77.50924786324786
-1.66,500,0.72,84,8.107644726807461,7.229209969461964,7.255515053202668,230.54854947656534,112.67393258426966
-1.66,1000,0.66,84,8.107644726807461,7.634766816368378,7.5934201877804846,357.25063520736546,161.73374607113317
-1.66,2000,0.6,84,8.107644726807461,7.8690123383572494,7.842251038084991,542.4006752575751,219.01825258799173
-1.66,50,0.84,85,8.15390158538742,5.325738889722801,5.319249641743356,42.58270034477516,48.81665040650407
-1.66,100,0.78,85,8.15390158538742,6.052922531380109,6.061567958078093,75.17617772139735,79.9557319223986
-1.66,500,0.72,85,8.15390158538742,7.343892267065172,7.305573992404522,233.9958866024057,112.35062289562289
-1.66,1000,0.66,85,8.15390158538742,7.664709794000963,7.668993198758925,362.21371806497166,162.2433969716919
-1.66,2000,0.6,85,8.15390158538742,7.909850976667452,7.925247257613802,546.8667803339583,230.3569318181818
-1.66,50,0.84,86,8.057580900209114,5.358268214735782,5.301678015033515,42.18586534274311,47.1888679245283
-1.66,100,0.78,86,8.057580900209114,6.046918365266641,6.038758794602393,74.0660734913892,75.1976119402985
-1.66,500,0.72,86,8.057580900209114,7.265599942105074,7.251654765338353,226.8749024569461,109.54056265984653
-1.66,1000,0.66,86,8.057580900209114,7.5801421092581664,7.5883581335721155,349.231461158885,157.6359375
-1.66,2000,0.6,86,8.057580900209114,7.835230498719031,7.831558037501546,526.2520178334959,219.7444462674323
-1.66,50,0.84,87,8.173928562726239,5.370797539748763,5.332945297443673,42.71203601498817,50.1088
-1.66,100,0.78,87,8.173928562726239,6.086831768264877,6.079101922803403,75.50985524470263,82.60742975206611
-1.66,500,0.72,87,8.173928562726239,7.26560686079481,7.318863798606021,234.29189072994197,121.33333333333333
-1.66,1000,0.66,87,8.173928562726239,7.649814352876826,7.655173166785507,362.4987400581342,174.45948275862068
-1.66,2000,0.6,87,8.173928562726239,7.9318861881692015,7.916814691173313,550.6705491119741,240.1862581862582
-1.66,50,0.84,88,8.058279640113533,5.330519608773928,5.304047740759979,42.23032951127604,46.4046511627907
-1.66,100,0.78,88,8.058279640113533,6.065738184335077,6.039976373938218,74.16982570459147,75.31766917293233
-1.66,500,0.72,88,8.058279640113533,7.266211653375228,7.2580803098360995,227.07618231427196,109.29858695652173
-1.66,1000,0.66,88,8.058279640113533,7.577908173668296,7.591061768943528,348.49712247785976,156.604375
-1.66,2000,0.6,88,8.058279640113533,7.835308271763472,7.841439545868549,523.1727599845732,218.33274745605922
-1.66,50,0.84,89,8.117947681529117,5.223699789705494,5.318880309532143,42.511847038885975,47.35848341232227
-1.66,100,0.78,89,8.117947681529117,6.097083162303023,6.0601794979967325,74.92463920325302,77.60574999999999
-1.66,500,0.72,89,8.117947681529117,7.324927534580221,7.299223250865761,231.03321128995225,114.83952023988006
-1.66,1000,0.66,89,8.117947681529117,7.635494703802283,7.646780595278712,355.85363893578153,159.48095238095237
-1.66,2000,0.6,89,8.117947681529117,7.885520305236261,7.911321105393995,535.125099801686,227.0683014354067
-1.66,50,0.84,90,8.093822746488561,5.32757825879989,5.31127556887561,42.271445629563914,49.7192039800995
-1.66,100,0.78,90,8.093822746488561,6.0579029813714556,6.042859280900035,74.341993993229,75.19007518796991
-1.66,500,0.72,90,8.093822746488561,7.25567136170509,7.254646342207768,229.78578837915285,108.6413043478261
-1.66,1000,0.66,90,8.093822746488561,7.580345949668613,7.601438832154749,354.85101647298643,154.47913846153847
-1.66,2000,0.6,90,8.093822746488561,7.875079546645869,7.872666853610092,536.4378222850459,218.24252115796736
-1.66,50,0.84,91,8.138098704067348,5.271500058765274,5.318835837755544,42.50694459239645,49.18946341463415
-1.66,100,0.78,91,8.138098704067348,6.11195118374364,6.067798417135852,74.97938316868199,76.35108396946565
-1.66,500,0.72,91,8.138098704067348,7.23443133565508,7.301959151300302,231.89392266090132,116.9653463892289
-1.66,1000,0.66,91,8.138098704067348,7.649903358535669,7.645203007122029,358.0940252959055,167.6599738791423
-1.66,2000,0.6,91,8.138098704067348,7.881808450486387,7.8952607055289326,543.8637734676257,228.6645016000948
-1.66,50,0.84,92,8.13061913395255,5.332229114718475,5.317159383573629,42.541723479194786,48.00995215311005
-1.66,100,0.78,92,8.13061913395255,6.103203371396778,6.065189318800994,75.01731351107095,78.84028121484815
-1.66,500,0.72,92,8.13061913395255,7.2745682911570935,7.301390073787735,231.07113701911686,117.9383905882353
-1.66,1000,0.66,92,8.13061913395255,7.6592455134737945,7.635286212696811,356.32549256807437,164.44124590163932
-1.66,2000,0.6,92,8.13061913395255,7.8759513503110785,7.874092619094942,540.0326783169005,229.1970909090909
-1.66,50,0.84,93,8.053051003089521,5.309009833769601,5.292846507101893,42.09140930397222,45.2900754147813
-1.66,100,0.78,93,8.053051003089521,6.037673252768806,6.022337085693922,73.81545529755215,71.58379432624113
-1.66,500,0.72,93,8.053051003089521,7.211991248391473,7.233693491831247,226.45946278996766,107.60227598566308
-1.66,1000,0.66,93,8.053051003089521,7.607519994924708,7.566424698266183,349.29150172714145,150.60672459893047
-1.66,2000,0.6,93,8.053051003089521,7.7993946732664625,7.814995865226949,528.741722801383,214.64356060606062
-1.66,50,0.84,94,8.127540987793804,5.315048933786908,5.304552621437496,42.36000345609827,45.62127272727272
-1.66,100,0.78,94,8.127540987793804,6.058899608872978,6.039926372460135,74.62215132493897,73.14204379562044
-1.66,500,0.72,94,8.127540987793804,7.2799561243752295,7.268150382330382,231.5518957131262,109.49530434782609
-1.66,1000,0.66,94,8.127540987793804,7.582491331983034,7.60508447793217,358.90919670689425,157.55400390625
-1.66,2000,0.6,94,8.127540987793804,7.859703761830002,7.8465607150422025,546.8084366417575,219.23396972182863
-1.66,50,0.84,95,8.12845074971597,5.315777989740108,5.31336567880218,42.44653708523623,49.19287804878049
-1.66,100,0.78,95,8.12845074971597,6.032818499796531,6.052228266753694,74.90512661854449,76.43129770992367
-1.66,500,0.72,95,8.12845074971597,7.30248123187859,7.299320117966535,233.0192385114758,115.08060689655173
-1.66,1000,0.66,95,8.12845074971597,7.636918378623219,7.6434546898266635,359.24156799536354,163.0958651026393
-1.66,2000,0.6,95,8.12845074971597,7.891012324322392,7.913931288853835,539.3458236252202,231.8926406926407
-1.66,50,0.84,96,8.102484592688466,5.363248664727128,5.307364299014377,42.40340790662364,47.135774647887324
-1.66,100,0.78,96,8.102484592688466,6.087308724792204,6.041505477214234,74.69386313159144,74.3604044117647
-1.66,500,0.72,96,8.102484592688466,7.316047657182201,7.271441429470934,230.60311326741598,111.60225925925926
-1.66,1000,0.66,96,8.102484592688466,7.5974838698910805,7.634687234754233,354.98486672704183,159.6987215909091
-1.66,2000,0.6,96,8.102484592688466,7.881599253120614,7.88523370641785,532.8060464463748,220.1724274063685
-1.66,50,0.84,97,8.11632821250825,5.238719339714147,5.325580488257578,42.515310268753126,50.07585714285714
-1.66,100,0.78,97,8.11632821250825,6.084367374818166,6.067671940918099,74.95658693478099,77.98704983388703
-1.66,500,0.72,97,8.11632821250825,7.258053327910645,7.284811955485423,231.28248125659331,114.57824190350296
-1.66,1000,0.66,97,8.11632821250825,7.630876529987042,7.612496781271029,355.0989093832663,158.27553472222223
-1.66,2000,0.6,97,8.11632821250825,7.896057354136841,7.869219598526817,531.9938775455096,222.8384373030876
-1.66,50,0.84,98,8.14584857025443,5.277539158782581,5.32314081276714,42.48779762066113,48.954926829268295
-1.66,100,0.78,98,8.14584857025443,6.02212579989798,6.062959456482141,74.92576347157747,77.83032245456323
-1.66,500,0.72,98,8.14584857025443,7.292875504809852,7.29363891912123,232.85623515094483,110.97373737373738
-1.66,1000,0.66,98,8.14584857025443,7.633557122940961,7.642447523341535,360.75296963734314,163.74468548387097
-1.66,2000,0.6,98,8.14584857025443,7.903502720543207,7.904447611186436,548.4727176441298,228.21768988587172
-1.66,50,0.84,99,8.142981032856238,5.350268214735782,5.306979488745849,42.437949258617635,46.0820444072057
-1.66,100,0.78,99,8.142981032856238,6.0448674189317995,6.049000013150192,74.91277933088081,77.5713953488372
-1.66,500,0.72,99,8.142981032856238,7.321787246783487,7.27466018555667,233.55350599010845,112.38777528089886
-1.66,1000,0.66,99,8.142981032856238,7.63665249764517,7.616658332664777,361.0182984060685,158.6400558035714
-1.66,2000,0.6,99,8.142981032856238,7.910702226607955,7.869737280466148,546.9215710632177,220.32668371696502
